812
67.00	76.00	76.00	76.00	67.00	67.00	3.50
67.00	67.00	67.00	67.00	67.00	67.00	3.25
67.00	67.00	67.00	67.00	67.00	67.00	3.25
67.00	67.00	67.00	67.00	67.00	7.00	0.00
76.00	76.00	76.00	76.00	76.00	76.00	3.75
76.00	76.00	76.00	76.00	76.00	67.00	3.67
76.00	3.75
76.00	76.00	76.00	76.00	76.00	67.00	3.67
811
67.00	67.00	67.00	67.00	67.00	7.00	0.00
676.00	76.00	767.00	676.00	76.00	767.00	3.92
67.00	67.00	676.00	76.00	76.00	767.00	3.67
67.00	67.00	676.00	76.00	76.00	767.00	3.67
67.00	67.00	676.00	76.00	767.00	67.00	3.58
67.00	67.00	676.00	76.00	76.00	767.00	3.67
67.00	3.25
67.00	67.00	676.00	76.00	76.00	767.00	3.67
